0,0052901	0,0093026	0,014533	0,021048	0,028867	0,037947	0,048187	0,059425	0,071441	0,083968	0,096701	0,10931	0,12146	0,13283	0,14312	0,15209	0,15953	0,16533	0,16945	0,17192	0,17287	0,17247	0,17099	0,1687	0,16593	0,163	0,16022	0,15787	0,15618	0,15529	0,15529	0,15618	0,15787	0,16022	0,163	0,16593	0,1687	0,17099	0,17247	0,17287	0,17192	0,16945	0,16533	0,15953	0,15209	0,14312	0,13283	0,12146	0,10931	0,096701	0,083968	0,071441	0,059425	0,048187	0,037947	0,028867	0,021048	0,014533	0,0093026	0,0052901
0,0039295	0,0072723	0,011863	0,017869	0,025421	0,034602	0,045431	0,057852	0,071728	0,086835	0,10286	0,11941	0,13601	0,15214	0,16721	0,18063	0,1918	0,20016	0,2052	0,20648	0,20368	0,1966	0,18517	0,16946	0,14973	0,12633	0,099793	0,070741	0,039903	0,0080721	-0,023919	-0,055233	-0,08506	-0,11265	-0,13734	-0,15857	-0,17592	-0,18912	-0,19801	-0,20263	-0,20311	-0,19975	-0,19293	-0,18313	-0,17088	-0,15678	-0,14139	-0,1253	-0,10905	-0,093111	-0,077908	-0,063774	-0,050962	-0,039639	-0,029892	-0,021731	-0,015104	-0,0099049	-0,0059873	-0,0031791
0,012159	0,020565	0,031062	0,04355	0,057783	0,073362	0,089737	0,10622	0,12203	0,13628	0,14809	0,15655	0,16085	0,16031	0,1544	0,1428	0,12546	0,10259	0,074679	0,04248	0,0069968	-0,030559	-0,068823	-0,10633	-0,14161	-0,17322	-0,19985	-0,22037	-0,23391	-0,23988	-0,23803	-0,22842	-0,21147	-0,1879	-0,15871	-0,12511	-0,088476	-0,050276	-0,01199	0,024956	0,059259	0,089794	0,11567	0,13623	0,15113	0,16027	0,16382	0,16219	0,15598	0,14595	0,13293	0,11784	0,10156	0,084931	0,068703	0,053503	0,039818	0,027985	0,018188	0,010472
-0,043779	-0,064114	-0,086446	-0,10977	-0,1329	-0,15451	-0,17324	-0,18776	-0,19689	-0,19966	-0,19541	-0,18386	-0,16513	-0,13979	-0,1088	-0,073531	-0,035645	0,002967	0,040304	0,074373	0,10332	0,12553	0,13976	0,14522	0,14161	0,12918	0,10868	0,081374	0,048931	0,013336	-0,023232	-0,058527	-0,090382	-0,11683	-0,13624	-0,1474	-0,14959	-0,14262	-0,12683	-0,10309	-0,072683	-0,037264	0,0012685	0,040891	0,07958	0,11543	0,14678	0,17226	0,19093	0,20224	0,20609	0,2028	0,19307	0,17787	0,15845	0,13615	0,11236	0,088422	0,065548	0,044747
-0,11755	-0,14581	-0,17087	-0,1909	-0,20426	-0,20969	-0,20637	-0,19406	-0,17307	-0,14434	-0,10936	-0,070051	-0,028717	0,012173	0,050124	0,082801	0,1082	0,12479	0,13163	0,12846	0,1157	0,094457	0,066425	0,033778	-0,00098823	-0,035237	-0,066382	-0,092077	-0,11039	-0,11995	-0,12004	-0,11064	-0,092479	-0,066906	-0,035851	-0,0016516	0,033109	0,065793	0,093903	0,11526	0,12816	0,1315	0,12483	0,10842	0,083196	0,050668	0,012841	-0,027955	-0,069232	-0,10851	-0,14352	-0,17229	-0,19334	-0,20576	-0,20918	-0,20386	-0,19061	-0,17069	-0,14572	-0,11753
0,20089	0,2104	0,21001	0,19947	0,17927	0,15061	0,11529	0,075644	0,034318	-0,0059117	-0,042353	-0,072607	-0,094754	-0,1075	-0,11029	-0,10334	-0,087592	-0,064696	-0,036815	-0,0064761	0,023645	0,050943	0,073095	0,088253	0,095188	0,093395	0,083125	0,065361	0,041731	0,014366	-0,014283	-0,041654	-0,065296	-0,083077	-0,093368	-0,095184	-0,088272	-0,073137	-0,051005	-0,023723	0,0063872	0,036721	0,064604	0,08751	0,10327	0,11025	0,10748	0,094762	0,072646	0,042422	0,0060102	-0,034193	-0,075497	-0,11513	-0,15043	-0,17909	-0,19929	-0,20984	-0,21024	-0,20075
0,1852	0,16083	0,12981	0,094396	0,057162	0,020743	-0,012357	-0,039969	-0,060425	-0,072686	-0,07641	-0,071964	-0,060377	-0,043231	-0,022513	-0,00043129	0,020786	0,039084	0,052762	0,060618	0,062043	0,057063	0,046322	0,031012	0,012743	-0,0066057	-0,025078	-0,040823	-0,052274	-0,058294	-0,05829	-0,05226	-0,040802	-0,025051	-0,0065752	0,012774	0,031039	0,046344	0,057077	0,062048	0,060613	0,052747	0,03906	0,020756	-0,00046464	-0,022547	-0,043262	-0,060402	-0,071981	-0,076416	-0,07268	-0,060408	-0,03994	-0,012319	0,020788	0,05721	0,094444	0,12985	0,16087	0,18523
-0,092038	-0,061421	-0,03245	-0,0069538	0,01363	0,028357	0,036827	0,039185	0,036084	0,02859	0,01807	0,0060449	-0,0059564	-0,016541	-0,024576	-0,029282	-0,030291	-0,027658	-0,021838	-0,013614	-0,0040062	0,0058487	0,014819	0,021903	0,026328	0,027633	0,02571	0,020812	0,013522	0,0046821	-0,0046929	-0,013531	-0,02082	-0,025715	-0,027635	-0,026327	-0,021898	-0,014812	-0,0058384	0,004018	0,013627	0,02185	0,027668	0,030298	0,029285	0,024574	0,016535	0,0059458	-0,0060594	-0,018087	-0,028609	-0,036101	-0,0392	-0,036836	-0,028359	-0,013622	0,0069741	0,032484	0,061469	0,092101
0,010719	0,023636	0,036005	0,043114	0,040319	0,02471	-0,0033755	-0,039556	-0,075754	-0,1018	-0,10806	-0,088364	-0,04255	0,022443	0,093287	0,15295	0,18481	0,17719	0,12706	0,041863	-0,061392	-0,15961	-0,22904	-0,25123	-0,21808	-0,13444	-0,017542	0,1068	0,21024	0,2688	0,2688	0,21024	0,1068	-0,017542	-0,13444	-0,21808	-0,25123	-0,22904	-0,15961	-0,061392	0,041863	0,12706	0,17719	0,18481	0,15295	0,093287	0,022443	-0,04255	-0,088364	-0,10806	-0,1018	-0,075754	-0,039556	-0,0033755	0,02471	0,040319	0,043114	0,036005	0,023636	0,010719
-0,021455	-0,024588	-0,019447	-0,0044454	0,018827	0,045287	0,067206	0,076176	0,065735	0,033905	-0,01522	-0,071518	-0,12075	-0,14809	-0,14229	-0,09955	-0,025557	0,064792	0,15042	0,20912	0,22343	0,18575	0,10115	-0,013025	-0,13088	-0,22419	-0,26951	-0,25442	-0,18094	-0,065407	0,065408	0,18094	0,25442	0,26951	0,22418	0,13087	0,013022	-0,10115	-0,18574	-0,22341	-0,2091	-0,1504	-0,064784	0,025556	0,099539	0,14228	0,14807	0,12074	0,071506	0,015217	-0,0339	-0,065723	-0,076161	-0,067191	-0,045275	-0,018821	0,0044449	0,019441	0,02458	0,021447
0,039593	0,085695	0,1231	0,13853	0,12247	0,072814	-0,003267	-0,090102	-0,16697	-0,21346	-0,21523	-0,16849	-0,081746	0,025851	0,12928	0,20419	0,23346	0,21168	0,14647	0,055953	-0,036553	-0,10921	-0,1476	-0,14817	-0,11819	-0,072484	-0,02797	0,0020838	0,01218	0,0058112	-0,0065584	-0,011982	-0,00039554	0,031038	0,076142	0,1212	0,14925	0,14589	0,10459	0,029796	-0,06334	-0,15265	-0,215	-0,23292	-0,19977	-0,12195	-0,017341	0,089445	0,17363	0,21676	0,21127	0,16186	0,083508	-0,0031481	-0,077626	-0,12483	-0,13831	-0,12084	-0,082342	-0,03619
-0,09458	-0,092332	-0,061044	-0,0035361	0,068347	0,13614	0,17968	0,18311	0,14029	0,057604	-0,04672	-0,14704	-0,2172	-0,23797	-0,20282	-0,12009	-0,010912	0,096688	0,17575	0,20798	0,18871	0,1277	0,045581	-0,032846	-0,0864	-0,10379	-0,086478	-0,047308	-0,0053779	0,020979	0,020764	-0,0057943	-0,047333	-0,085407	-0,10112	-0,082125	-0,027542	0,050814	0,13151	0,1899	0,20587	0,17043	0,089089	-0,019233	-0,12732	-0,20734	-0,2388	-0,2142	-0,14098	-0,039028	0,0652	0,1462	0,18628	0,17976	0,13352	0,063972	-0,0084742	-0,065429	-0,095387	-0,095998
0,060742	0,1472	0,20731	0,22448	0,19278	0,11895	0,020785	-0,077827	-0,15366	-0,19058	-0,18377	-0,14032	-0,076302	-0,011207	0,038272	0,063094	0,063829	0,049237	0,032103	0,023939	0,030468	0,049497	0,071902	0,085293	0,079001	0,04853	-0,0021634	-0,061433	-0,11352	-0,1437	-0,14321	-0,11218	-0,059643	-0,00041492	0,049794	0,079534	0,085116	0,071272	0,048799	0,030056	0,023997	0,032565	0,049812	0,064112	0,062725	0,037097	-0,013052	-0,078395	-0,14207	-0,18459	-0,19011	-0,15185	-0,075028	0,023934	0,12168	0,19443	0,22467	0,20603	0,14482	0,05791
0,20179	0,16845	0,090105	-0,014802	-0,11939	-0,1961	-0,22492	-0,19932	-0,12817	-0,032726	0,060004	0,12568	0,14984	0,13179	0,083776	0,026076	-0,020371	-0,041164	-0,033015	-0,004211	0,029094	0,049314	0,044259	0,011878	-0,038768	-0,090639	-0,12481	-0,12735	-0,094473	-0,034203	0,036209	0,096055	0,1282	0,12484	0,089968	0,037673	-0,013066	-0,04527	-0,050026	-0,029554	0,0038325	0,032524	0,040447	0,019476	-0,026929	-0,084252	-0,13156	-0,1487	-0,12365	-0,057404	0,035375	0,13025	0,20032	0,22452	0,19434	0,11663	0,011651	-0,092965	-0,17043	-0,20254
0,18983	0,13252	0,050697	-0,031212	-0,091147	-0,116	-0,10491	-0,068389	-0,023655	0,011865	0,026635	0,018571	-0,0050387	-0,031032	-0,045839	-0,040827	-0,01557	0,022113	0,059243	0,082646	0,083911	0,062459	0,025643	-0,014112	-0,043992	-0,055493	-0,047388	-0,02585	-0,0017615	0,013737	0,013708	-0,001824	-0,025882	-0,047314	-0,055263	-0,043605	-0,01363	0,026117	0,062808	0,084044	0,082533	0,05892	0,021673	-0,016013	-0,041176	-0,046049	-0,031122	-0,0050749	0,018507	0,026486	0,011637	-0,023889	-0,068507	-0,10478	-0,11554	-0,09037	-0,030233	0,051674	0,13325	0,1901
-0,03533	-0,11028	-0,15303	-0,15779	-0,12954	-0,081463	-0,030024	0,01049	0,032182	0,035177	0,02634	0,015736	0,012282	0,020208	0,037583	0,057329	0,070247	0,068798	0,050212	0,017726	-0,020448	-0,054014	-0,074224	-0,076867	-0,063532	-0,040709	-0,017124	-0,00036248	0,0059164	0,0031175	-0,0032016	-0,0059041	0,00052424	0,017419	0,041054	0,063804	0,076953	0,074063	0,053624	0,019924	-0,018241	-0,050581	-0,068936	-0,07015	-0,057075	-0,037297	-0,020015	-0,01225	-0,01585	-0,026504	-0,035249	-0,032033	-0,010063	0,030677	0,082185	0,13011	0,15798	0,15272	0,10945	0,034146
0,011704	0,027321	0,030393	0,011627	-0,024382	-0,057327	-0,061609	-0,024406	0,040665	0,096056	0,10122	0,040788	-0,059003	-0,13989	-0,14537	-0,059199	0,077159	0,18355	0,1886	0,077379	-0,092597	-0,22099	-0,22488	-0,092786	0,10299	0,2466	0,24872	0,1031	-0,10669	-0,25637	-0,25637	-0,10669	0,1031	0,24872	0,2466	0,10299	-0,092786	-0,22488	-0,22099	-0,092597	0,077379	0,1886	0,18355	0,077159	-0,059199	-0,14537	-0,13989	-0,059003	0,040788	0,10122	0,096056	0,040665	-0,024406	-0,061609	-0,057327	-0,024382	0,011627	0,030393	0,027321	0,011704
0,020954	0,014908	-0,0079249	-0,036063	-0,048507	-0,028962	0,019221	0,069427	0,085462	0,04629	-0,034536	-0,11059	-0,12869	-0,065051	0,052589	0,15526	0,17319	0,082813	-0,071301	-0,19769	-0,21294	-0,097	0,088134	0,23179	0,24205	0,10542	-0,10058	-0,25233	-0,25597	-0,10672	0,1067	0,25604	0,25247	0,10069	-0,10548	-0,24231	-0,23211	-0,088301	0,097138	0,21334	0,19813	0,071503	-0,083003	-0,17367	-0,15575	-0,052795	0,065262	0,12918	0,11107	0,034717	-0,046491	-0,085898	-0,069824	-0,019358	0,029129	0,048837	0,036344	0,0080094	-0,015025	-0,021159
0,040753	0,1022	0,11293	0,050522	-0,060327	-0,15517	-0,16782	-0,076343	0,075015	0,19696	0,2097	0,096471	-0,080623	-0,2161	-0,2268	-0,10535	0,074522	0,20483	0,21157	0,099291	-0,056451	-0,16143	-0,16293	-0,077608	0,02876	0,091075	0,087025	0,042978	0,0040267	-0,0049932	0,0038799	-0,00099168	-0,036206	-0,082	-0,094082	-0,041079	0,06221	0,15487	0,16804	0,075946	-0,077882	-0,20183	-0,21393	-0,09798	0,081384	0,21689	0,22623	0,10444	-0,073493	-0,20098	-0,20664	-0,095971	0,057244	0,16125	0,16318	0,076187	-0,03703	-0,10887	-0,10781	-0,050614
-0,0933	-0,057342	0,031406	0,12196	0,14983	0,082327	-0,051707	-0,17243	-0,19779	-0,10011	0,069198	0,20724	0,22464	0,10547	-0,079326	-0,21593	-0,22105	-0,095383	0,078627	0,19272	0,18351	0,070023	-0,065721	-0,13839	-0,11574	-0,032888	0,041824	0,060579	0,028176	-0,0098527	-0,010609	0,02779	0,064229	0,050742	-0,022572	-0,11135	-0,14541	-0,082756	0,05191	0,17583	0,20188	0,10091	-0,072478	-0,21133	-0,22577	-0,10331	0,081344	0,2144	0,21631	0,091449	-0,078151	-0,18844	-0,17964	-0,06957	0,065043	0,14245	0,12676	0,04347	-0,045968	-0,088413
0,08131	0,19879	0,20522	0,088991	-0,083709	-0,20897	-0,21161	-0,093265	0,070289	0,18023	0,17834	0,080024	-0,043399	-0,11715	-0,11118	-0,051428	0,0092142	0,033975	0,025498	0,013972	0,023814	0,048891	0,05759	0,023128	-0,047242	-0,11037	-0,11689	-0,050409	0,054973	0,13453	0,13701	0,060785	-0,044983	-0,11505	-0,11268	-0,051539	0,019887	0,057028	0,050275	0,025092	0,013797	0,024474	0,03404	0,01168	-0,047484	-0,10867	-0,11881	-0,049388	0,072895	0,17479	0,18324	0,078729	-0,084283	-0,2077	-0,21276	-0,092993	0,079854	0,20167	0,20263	0,089744
-0,19462	-0,092255	0,076551	0,20696	0,21414	0,091201	-0,084681	-0,20332	-0,19458	-0,072823	0,077257	0,16127	0,138	0,040704	-0,055004	-0,089072	-0,056708	-0,0023825	0,022761	0,0036955	-0,029636	-0,032584	0,01166	0,073585	0,099216	0,055219	-0,039546	-0,12295	-0,13406	-0,059627	0,053678	0,13155	0,12508	0,044655	-0,05036	-0,097139	-0,07463	-0,014222	0,030459	0,028696	-0,0041634	-0,023792	0,00083506	0,056103	0,09109	0,059756	-0,035479	-0,13584	-0,16449	-0,084939	0,064818	0,19122	0,20712	0,093831	-0,081939	-0,21022	-0,21062	-0,085449	0,083458	0,19086
0,18158	0,065165	-0,074526	-0,15016	-0,12615	-0,035603	0,05164	0,082104	0,052739	0,0034317	-0,021292	-0,0083671	0,017985	0,022368	-0,0079544	-0,050544	-0,066644	-0,034993	0,028059	0,079191	0,081204	0,031948	-0,03402	-0,072047	-0,060743	-0,015824	0,025438	0,035194	0,015683	-0,0065581	-0,0066258	0,015669	0,035594	0,026353	-0,0148	-0,060318	-0,072699	-0,035551	0,030377	0,080536	0,079822	0,029567	-0,033535	-0,06601	-0,050858	-0,0087337	0,021724	0,017684	-0,0085914	-0,021783	0,0027533	0,052483	0,082942	0,053603	-0,03345	-0,12527	-0,15151	-0,077747	0,0618	0,18017
-0,067467	-0,16883	-0,16506	-0,072721	0,040994	0,10769	0,10114	0,045911	-0,0099905	-0,033479	-0,02616	-0,013534	-0,016826	-0,03293	-0,038854	-0,015289	0,032224	0,073566	0,076429	0,032731	-0,032725	-0,07896	-0,078125	-0,03472	0,019687	0,051105	0,047167	0,022205	0,0011453	-0,0027668	0,0026451	-0,00083243	-0,021509	-0,046663	-0,051413	-0,020884	0,033292	0,077439	0,079574	0,03432	-0,03116	-0,075854	-0,074235	-0,03353	0,014284	0,038679	0,033355	0,017174	0,013369	0,025742	0,033547	0,011032	-0,044281	-0,1001	-0,10836	-0,043473	0,069736	0,16354	0,17007	0,071027
0,013619	0,02713	0,0098082	-0,030296	-0,047917	-0,009368	0,055506	0,07099	0,0016777	-0,088795	-0,092684	0,015558	0,1279	0,10875	-0,043172	-0,16888	-0,11522	0,08004	0,20666	0,10935	-0,12299	-0,23593	-0,090303	0,16719	0,25216	0,059579	-0,20697	-0,2526	-0,020814	0,23683	0,23683	-0,020814	-0,2526	-0,20697	0,059579	0,25216	0,16719	-0,090303	-0,23593	-0,12299	0,10935	0,20666	0,08004	-0,11522	-0,16888	-0,043172	0,10875	0,1279	0,015558	-0,092684	-0,088795	0,0016777	0,07099	0,055506	-0,009368	-0,047917	-0,030296	0,0098082	0,02713	0,013619
-0,019423	-0,0011629	0,03009	0,034294	-0,0074766	-0,056241	-0,048239	0,025326	0,088648	0,057281	-0,053588	-0,12387	-0,057489	0,091525	0,15709	0,045947	-0,13623	-0,18296	-0,021611	0,18288	0,19668	-0,01419	-0,22551	-0,19508	0,057766	0,2581	0,17736	-0,10362	-0,27576	-0,14544	0,14544	0,27576	0,10362	-0,17737	-0,2581	-0,057768	0,19508	0,22552	0,014192	-0,19669	-0,18289	0,021612	0,18297	0,13624	-0,04595	-0,1571	-0,091534	0,057494	0,12388	0,053594	-0,057288	-0,088659	-0,02533	0,048246	0,056249	0,0074781	-0,0343	-0,030096	0,0011629	0,019427
0,044529	0,1073	0,05432	-0,081179	-0,15045	-0,053045	0,1254	0,18473	0,037321	-0,16978	-0,2028	-0,009408	0,20517	0,20033	-0,024532	-0,22279	-0,17737	0,05567	0,21663	0,13868	-0,074616	-0,18511	-0,092845	0,073866	0,13193	0,050248	-0,049905	-0,06543	-0,020576	0,0043801	-0,0031601	0,01038	0,05603	0,062258	-0,021439	-0,12104	-0,10258	0,05035	0,1791	0,1192	-0,089448	-0,2201	-0,11244	0,12881	0,23762	0,087507	-0,15877	-0,23023	-0,052841	0,17228	0,20149	0,017848	-0,16644	-0,15878	0,009474	0,14297	0,1112	-0,02431	-0,10731	-0,067317
0,091444	0,014626	-0,10506	-0,12354	0,0075898	0,15607	0,14216	-0,043395	-0,20171	-0,14194	0,086837	0,23207	0,12184	-0,12857	-0,23943	-0,085868	0,15796	0,22042	0,042459	-0,16578	-0,17731	-0,0025855	0,14676	0,11773	-0,022966	-0,10125	-0,05312	0,026407	0,035502	-0,0039675	-0,0050591	0,039581	0,042858	-0,03781	-0,11089	-0,057306	0,093702	0,16615	0,046883	-0,15096	-0,19675	-0,016862	0,19761	0,19958	-0,023345	-0,22428	-0,17741	0,062749	0,2263	0,13785	-0,091594	-0,20451	-0,091153	0,10367	0,16474	0,047479	-0,097543	-0,11589	-0,014529	0,076392
0,12206	0,21313	0,070723	-0,15838	-0,21986	-0,042237	0,17791	0,19995	0,010576	-0,17267	-0,15802	0,013247	0,14038	0,10403	-0,020257	-0,085549	-0,050587	0,0064663	0,018638	0,0093018	0,025584	0,046585	0,012537	-0,067239	-0,096727	-0,014053	0,10604	0,12243	0,0009297	-0,12927	-0,12088	0,016428	0,12771	0,096501	-0,026192	-0,098406	-0,05944	0,018842	0,045699	0,022519	0,0097967	0,019906	0,0025642	-0,05714	-0,084597	-0,0085838	0,11448	0,13503	-0,0053072	-0,16945	-0,16188	0,033635	0,20955	0,16212	-0,066545	-0,22565	-0,13941	0,092975	0,21446	0,10262
-0,17204	0,023799	0,20835	0,16576	-0,065121	-0,22571	-0,13548	0,099028	0,21253	0,089805	-0,11364	-0,16987	-0,041603	0,10167	0,10628	0,004222	-0,062969	-0,035633	0,012541	0,0050709	-0,026652	-0,0055128	0,058585	0,06791	-0,020754	-0,11228	-0,0818	0,055225	0,14245	0,070018	-0,083651	-0,14154	-0,04162	0,09288	0,11018	0,010151	-0,074905	-0,057006	0,010525	0,029412	-0,0038788	-0,010452	0,035953	0,056951	-0,013452	-0,10767	-0,089641	0,056542	0,17012	0,09571	-0,10795	-0,20997	-0,076659	0,15393	0,21968	0,04082	-0,18192	-0,19937	-0,0004936	0,18424
0,16418	-0,026343	-0,16571	-0,11219	0,046207	0,12297	0,05692	-0,044439	-0,063989	-0,011808	0,021819	0,0029595	-0,014084	0,013831	0,045871	0,01868	-0,050215	-0,07244	-0,0071149	0,074628	0,073746	-0,010433	-0,078184	-0,054399	0,022575	0,058792	0,024692	-0,020892	-0,021878	0,003134	0,0030513	-0,021397	-0,019176	0,026229	0,057818	0,019241	-0,056685	-0,076493	-0,0061873	0,075997	0,072441	-0,011226	-0,074091	-0,048206	0,021568	0,046785	0,012961	-0,014938	0,0024374	0,020583	-0,013278	-0,063156	-0,04044	0,060402	0,12102	0,039339	-0,11688	-0,16204	-0,017137	0,16901
0,10309	0,18682	0,070016	-0,098694	-0,13859	-0,036024	0,072727	0,080115	0,014788	-0,030501	-0,024352	-0,010076	-0,0176	-0,017646	0,019445	0,059247	0,039859	-0,035306	-0,083946	-0,042709	0,047738	0,086244	0,032348	-0,048089	-0,067297	-0,018086	0,03215	0,034311	0,0088551	-0,0018256	0,0019769	-0,0099181	-0,035294	-0,030899	0,02095	0,068325	0,045361	-0,036148	-0,086653	-0,044061	0,046322	0,083498	0,031708	-0,042278	-0,05826	-0,017169	0,018305	0,016888	0,010209	0,025394	0,029886	-0,017912	-0,082204	-0,069849	0,04202	0,14071	0,093074	-0,078073	-0,1879	-0,094916
0,015722	0,021748	-0,016115	-0,039863	0,007776	0,059247	0,011768	-0,074595	-0,042642	0,079755	0,081901	-0,069223	-0,12353	0,039763	0,15928	0,0082602	-0,18026	-0,070275	0,17894	0,13786	-0,15113	-0,2001	0,097334	0,24568	-0,023153	-0,26531	-0,061425	0,2538	0,14383	-0,21138	-0,21138	0,14383	0,2538	-0,061425	-0,26531	-0,023153	0,24568	0,097334	-0,2001	-0,15113	0,13786	0,17894	-0,070275	-0,18026	0,0082602	0,15928	0,039763	-0,12353	-0,069223	0,081901	0,079755	-0,042642	-0,074595	0,011768	0,059247	0,007776	-0,039863	-0,016115	0,021748	0,015722
-0,017653	0,011653	0,032704	-0,0062432	-0,050081	-0,0087555	0,065519	0,034363	-0,073549	-0,069002	0,068697	0,10819	-0,046959	-0,14496	0,0071934	0,17107	0,047992	-0,1787	-0,11215	0,16235	0,17583	-0,12041	-0,22827	0,056016	0,25954	0,023167	-0,26269	-0,10614	0,2354	0,18062	-0,18062	-0,23546	0,10616	0,26283	-0,023164	-0,25975	-0,056087	0,22852	0,12058	-0,17607	-0,16262	0,11233	0,17905	-0,048079	-0,17146	-0,0072235	0,14534	0,047103	-0,10851	-0,06893	0,069238	0,073831	-0,034494	-0,065806	0,0087889	0,050333	0,0062841	-0,032897	-0,011736	0,017778
0,087436	0,069112	-0,088636	-0,11949	0,066502	0,16668	-0,020319	-0,19835	-0,044205	0,20434	0,11571	-0,17976	-0,17971	0,12696	0,22229	-0,055482	-0,23394	-0,019972	0,21241	0,083214	-0,16369	-0,12086	0,10071	0,12604	-0,040069	-0,10038	-0,0024127	0,053726	0,015977	-0,0015382	0,0020898	-0,039302	-0,045691	0,055096	0,10158	-0,039064	-0,15299	-0,0068486	0,18422	0,072578	-0,18481	-0,14275	0,15224	0,20088	-0,092423	-0,23367	0,017808	0,23438	0,056067	-0,20416	-0,11473	0,15127	0,14836	-0,08842	-0,15384	0,02919	0,13488	0,015517	-0,10028	-0,03989
-0,052026	0,075698	0,095119	-0,065394	-0,14076	0,032882	0,17807	0,019899	-0,19635	-0,085287	0,18813	0,15128	-0,15165	-0,20438	0,091989	0,23309	-0,02025	-0,23119	-0,048994	0,19971	0,1014	-0,14702	-0,12667	0,086812	0,12145	-0,034622	-0,090371	0,0036459	0,044887	-0,0011543	-0,00025219	0,026484	-0,028624	-0,071194	0,031234	0,12136	-0,0043192	-0,16139	-0,047278	0,17819	0,11199	-0,16468	-0,17468	0,12153	0,22072	-0,056794	-0,23971	-0,016443	0,228	0,083608	-0,18923	-0,1324	0,13293	0,15567	-0,07167	-0,15277	0,017626	0,12898	0,02038	-0,093489
0,1033	0,19938	-0,045293	-0,22658	-0,027271	0,22068	0,097647	-0,18223	-0,14905	0,12085	0,16965	-0,052648	-0,15624	-0,0045244	0,11527	0,03635	-0,060949	-0,036379	0,010881	0,0079141	0,019382	0,037166	-0,02113	-0,082281	-0,004897	0,1115	0,048928	-0,11467	-0,095487	0,090635	0,12855	-0,047498	-0,13685	-9,4362e-005	0,11764	0,035853	-0,077639	-0,047276	0,030874	0,029862	0,0058438	0,011266	-0,018405	-0,062845	3,9707e-005	0,10758	0,04638	-0,12956	-0,10908	0,11923	0,17091	-0,076364	-0,21453	0,010143	0,22761	0,063664	-0,20632	-0,12744	0,15625	0,16685
0,18408	-0,070667	-0,22014	0,0064898	0,22811	0,062128	-0,20517	-0,11951	0,15682	0,15271	-0,095578	-0,15538	0,037383	0,12975	0,0030698	-0,085965	-0,016717	0,038989	0,0027831	-0,0039884	0,031133	-0,0083358	-0,071605	-0,0050111	0,10375	0,038551	-0,11604	-0,08029	0,10396	0,11576	-0,071444	-0,13286	0,029428	0,12589	0,0077806	-0,097453	-0,027311	0,057727	0,022062	-0,021131	0,0068198	0,001661	-0,05013	-0,0082977	0,093394	0,041995	-0,12136	-0,095196	0,12274	0,15403	-0,093758	-0,20245	0,039311	0,22701	0,028508	-0,2208	-0,094026	0,18525	0,14259	-0,12948
-0,13636	0,11739	0,15209	-0,058632	-0,13952	0,01069	0,10549	0,015831	-0,062427	-0,017473	0,024186	-0,001428	-0,0016448	0,030633	-0,00058593	-0,057752	-0,014785	0,072528	0,039188	-0,070195	-0,061579	0,052775	0,072533	-0,027941	-0,067582	0,0059084	0,048644	0,0044857	-0,023086	0,00091653	0,00078907	-0,020091	0,0096646	0,045657	-0,0042987	-0,067722	-0,014686	0,077687	0,03966	-0,071623	-0,060382	0,051968	0,067878	-0,026869	-0,05799	0,0073752	0,033277	-0,0034244	-0,0025327	0,020039	-0,021977	-0,055099	0,02866	0,099523	-0,010721	-0,13988	-0,031181	0,1626	0,088676	-0,15839
-0,13776	-0,15354	0,073376	0,1515	-0,014335	-0,12125	-0,024797	0,074601	0,036337	-0,027225	-0,021543	-0,0064531	-0,010299	0,017812	0,045389	-0,0064706	-0,070278	-0,020133	0,076407	0,049811	-0,062765	-0,070194	0,03581	0,073187	-0,0067541	-0,057731	-0,012771	0,029943	0,01507	-0,00063015	0,00078859	-0,018888	-0,028703	0,021099	0,057881	-0,0051916	-0,076957	-0,022549	0,078359	0,051006	-0,06134	-0,068358	0,032529	0,066597	-0,0037477	-0,044782	-0,012167	0,009841	0,0060976	0,025459	0,023753	-0,046723	-0,070688	0,042904	0,12127	-0,010334	-0,15945	-0,045597	0,17175	0,11175
0,018159	0,011109	-0,033165	-0,0053835	0,050342	-0,0098829	-0,065434	0,035633	0,073021	-0,070232	-0,067713	0,10918	0,045602	-0,14554	-0,0056304	0,17116	-0,049546	-0,1783	0,11348	0,16157	-0,17678	-0,11945	0,22879	0,055091	-0,25967	0,023867	0,26259	-0,1065	-0,23527	0,18065	0,18065	-0,23527	-0,1065	0,26259	0,023867	-0,25967	0,055091	0,22879	-0,11945	-0,17678	0,16157	0,11348	-0,1783	-0,049546	0,17116	-0,0056304	-0,14554	0,045602	0,10918	-0,067713	-0,070232	0,073021	0,035633	-0,065434	-0,0098829	0,050342	-0,0053835	-0,033165	0,011109	0,018159
0,01621	-0,021394	-0,016878	0,039666	0,008788	-0,059342	0,010604	0,075082	-0,041479	-0,080667	0,080921	0,070507	-0,1229	-0,041288	0,1591	-0,0066837	-0,18055	0,068848	0,17964	-0,13675	-0,15208	0,19939	0,09832	-0,24536	-0,023994	0,26528	-0,060858	-0,25388	0,14358	0,21138	-0,21138	-0,1436	0,25391	0,060874	-0,26533	0,023994	0,24544	-0,098347	-0,19947	0,15214	0,13682	-0,17973	-0,068893	0,18067	0,0066939	-0,15922	0,041316	0,123	-0,070568	-0,081004	0,080749	0,04153	-0,075171	-0,010621	0,059425	-0,0087974	-0,039732	0,016905	0,021438	-0,016243
0,079697	0,04616	-0,12034	-0,018678	0,15509	-0,028375	-0,17356	0,088832	0,1678	-0,15195	-0,13487	0,20483	0,078272	-0,23572	-0,0076585	0,23731	-0,063276	-0,20902	0,12018	0,15754	-0,15184	-0,09537	0,15326	0,03769	-0,12722	0,0016617	0,083607	-0,013923	-0,036883	-0,0021693	0,0021651	0,039999	0,0088776	-0,086859	0,0087894	0,12742	-0,052213	-0,14788	0,11129	0,13972	-0,17155	-0,10183	0,21805	0,040746	-0,23928	0,031306	0,23006	-0,099739	-0,19256	0,15142	0,13535	-0,17786	-0,070807	0,17698	0,011739	-0,15302	0,031842	0,11481	-0,054876	-0,072986
0,063068	-0,091515	-0,048777	0,13491	0,011751	-0,16735	0,044789	0,17802	-0,11166	-0,16013	0,17555	0,11342	-0,22226	-0,044914	0,24059	-0,032313	-0,22559	0,10225	0,18039	-0,15008	-0,11575	0,16627	0,047504	-0,14927	0,0075775	0,10619	-0,036294	-0,050987	0,032646	0,00079341	0,00046187	0,028768	-0,051973	-0,027839	0,10569	-0,0049885	-0,1447	0,062329	0,15596	-0,13007	-0,13376	0,19127	0,081118	-0,23064	-0,0087666	0,2386	-0,067907	-0,21343	0,13302	0,16138	-0,1743	-0,094577	0,18589	0,027472	-0,16933	0,02697	0,13242	-0,060396	-0,086535	0,070619
0,16661	-0,15605	-0,12723	0,20604	0,063535	-0,22728	0,010174	0,21419	-0,076292	-0,1706	0,11907	0,10884	-0,12935	-0,046228	0,10737	-0,00010938	-0,06266	0,018416	0,011136	-0,0058304	0,029931	-0,030875	-0,047298	0,077603	0,035855	-0,11756	-0,00010915	0,13673	-0,047446	-0,12841	0,090534	0,095358	-0,11453	-0,048834	0,11133	0,0048499	-0,082113	0,021132	0,037023	-0,019356	0,00802	-0,010913	-0,036449	0,060963	0,036397	-0,11525	-0,0045716	0,15619	-0,052578	-0,16958	0,12075	0,14899	-0,18208	-0,097613	0,2205	0,027283	-0,2264	0,045228	0,19922	-0,10319
0,12941	0,14265	-0,18518	-0,094112	0,22074	0,028615	-0,22697	0,039184	0,20243	-0,093617	-0,15404	0,12259	0,095246	-0,12122	-0,042078	0,093286	0,0084067	-0,050057	-0,0017809	0,0067859	0,021245	0,022061	-0,05782	-0,027286	0,097515	0,0077491	-0,12591	0,029449	0,13287	-0,07144	-0,11576	0,10393	0,080296	-0,11598	-0,038584	0,10368	0,0050807	-0,071541	0,0082299	0,031097	0,0041195	0,0027751	-0,039125	-0,016659	0,086083	0,002969	-0,12983	0,037511	0,15541	-0,09571	-0,15268	0,15693	0,11944	-0,20524	-0,062035	0,22814	-0,0065843	-0,22012	0,070742	0,18403
0,15836	0,088663	-0,16257	-0,031176	0,13985	-0,010719	-0,099491	0,02865	0,055071	-0,021961	-0,020017	-0,002551	0,0034094	0,033295	-0,0073663	-0,058005	0,026864	0,067887	-0,051964	-0,060386	0,071617	0,039661	-0,077677	-0,014686	0,067707	-0,0042967	-0,045639	0,0096585	0,020071	0,00079994	-0,00089896	-0,023101	-0,0044996	0,048661	-0,0058993	-0,067598	0,027936	0,072546	-0,052772	-0,061587	0,070191	0,039191	-0,072521	-0,014786	0,057739	-0,00058387	-0,030615	-0,001651	0,0014048	0,024199	0,017498	-0,062449	-0,015854	0,10552	-0,010674	-0,13956	0,058625	0,15213	-0,11739	-0,13639
0,11178	-0,17171	-0,045647	0,15943	-0,010275	-0,12126	0,042844	0,070699	-0,046672	-0,023777	0,025421	-0,0060673	0,009863	0,012139	-0,044791	0,0037676	0,066598	-0,032537	-0,06836	0,061338	0,051014	-0,078351	-0,022567	0,076949	-0,0051642	-0,05788	0,021066	0,028711	-0,018855	-0,00080678	-0,00065752	-0,015046	0,029961	0,012745	-0,057739	0,0067752	0,073188	-0,035823	-0,070195	0,062768	0,049816	-0,076404	-0,020148	0,070273	-0,0064458	-0,045389	0,017778	0,010309	-0,0064158	0,021521	-0,02726	-0,036302	0,074628	0,024754	-0,12127	0,01438	0,1515	-0,073417	-0,15353	0,13779
0,019804	-0,0018976	-0,029818	0,034949	0,0064712	-0,05602	0,049206	0,02412	-0,088569	0,058544	0,052296	-0,124	0,058971	0,090281	-0,15745	0,047516	0,13516	-0,1835	0,023103	0,18207	-0,19731	-0,012941	0,22498	-0,19565	-0,056889	0,2578	-0,17771	-0,10318	0,2756	-0,14544	-0,14544	0,2756	-0,10318	-0,17771	0,2578	-0,056889	-0,19565	0,22498	-0,012941	-0,19731	0,18207	0,023103	-0,1835	0,13516	0,047516	-0,15745	0,090281	0,058971	-0,124	0,052296	0,058544	-0,088569	0,02412	0,049206	-0,05602	0,0064712	0,034949	-0,029818	-0,0018976	0,019804
0,014196	-0,027176	0,0090969	0,031071	-0,047806	0,0083254	0,056391	-0,070641	0,00034276	0,089674	-0,092057	-0,017085	0,12866	-0,10786	-0,044745	0,16942	-0,11417	-0,081495	0,20695	-0,10826	-0,12418	0,23599	-0,089355	-0,16803	0,25211	-0,058931	-0,20743	0,25256	-0,020586	-0,23697	0,23697	0,020577	-0,25253	0,2074	0,058912	-0,25204	0,16798	0,089317	-0,2359	0,12413	0,1082	-0,20684	0,081453	0,11409	-0,16931	0,044717	0,10777	-0,12855	0,017074	0,091961	-0,089579	-0,00033748	0,070551	-0,056318	-0,0083092	0,047731	-0,031021	-0,0090767	0,027121	-0,014167
0,080065	0,0084653	-0,11435	0,10362	0,039425	-0,16398	0,11235	0,081817	-0,20524	0,10257	0,12825	-0,22893	0,075193	0,16864	-0,22878	0,036021	0,19258	-0,20338	-0,0053872	0,19204	-0,15693	-0,037942	0,16366	-0,098532	-0,051846	0,10999	-0,04013	-0,041226	0,039212	0,0063071	-0,0058313	-0,036604	0,031728	0,04869	-0,10423	0,032182	0,11205	-0,15236	0,0096851	0,17177	-0,17416	-0,028456	0,2162	-0,16867	-0,071664	0,23724	-0,14065	-0,10886	0,23207	-0,099057	-0,13124	0,20352	-0,054515	-0,13425	0,15895	-0,016639	-0,11841	0,10811	0,0081791	-0,088617
0,062712	-0,10793	0,031092	0,10517	-0,14546	0,019285	0,15219	-0,17152	-0,00545	0,19542	-0,18022	-0,038847	0,22572	-0,16928	-0,073293	0,23542	-0,14098	-0,099495	0,22039	-0,10187	-0,10879	0,18142	-0,061392	-0,095484	0,12436	-0,029593	-0,058556	0,058952	-0,014578	-0,0022468	-0,0033013	-0,02043	0,0647	-0,051816	-0,046129	0,13096	-0,079343	-0,085786	0,18521	-0,083527	-0,13014	0,21872	-0,067208	-0,16887	0,22721	-0,037409	-0,19317	0,21161	-0,0033357	-0,19778	0,17745	0,026045	-0,18207	0,13322	0,044171	-0,14981	0,088082	0,048238	-0,10797	0,049724
-0,10261	0,21446	-0,092981	-0,13941	0,22565	-0,066549	-0,16212	0,20955	-0,033635	-0,16188	0,16945	-0,0053027	-0,13504	0,11448	0,0085928	-0,084602	0,057133	0,0025767	-0,019909	0,0097858	-0,022505	0,045698	-0,018855	-0,059427	0,098408	-0,026206	-0,096492	0,12771	-0,01644	-0,12088	0,12927	0,00092306	-0,12242	0,10604	0,014053	-0,096729	0,067237	0,012545	-0,046588	0,025576	-0,0092882	0,018637	-0,0064821	-0,050569	0,085551	-0,02028	-0,10401	0,14038	-0,013274	-0,158	0,17268	0,010549	-0,19994	0,17792	0,042211	-0,21986	0,1584	0,070702	-0,21313	0,12208
0,18433	0,00049962	-0,19946	0,18199	0,040872	-0,21978	0,15395	0,076753	-0,21006	0,10792	0,095831	-0,17019	0,056465	0,089768	-0,10769	0,013338	0,05706	-0,035926	-0,010578	0,0039509	0,029476	-0,010639	-0,056979	0,074985	0,010072	-0,11019	0,09295	0,041588	-0,14158	0,083689	0,070037	-0,14249	0,055215	0,081856	-0,1123	0,020692	0,067983	-0,058566	-0,0056188	0,026721	0,0051338	-0,012672	-0,035589	0,063071	0,0040896	-0,10627	0,1018	0,041491	-0,1699	0,11377	0,089728	-0,21258	0,099137	0,13544	-0,22578	0,065197	0,16576	-0,20841	0,023837	0,17205
-0,16413	-0,026344	0,16566	-0,11215	-0,046197	0,12291	-0,056883	-0,04442	0,063937	-0,011783	-0,021795	0,0029178	0,014097	0,013854	-0,045897	0,018682	0,05023	-0,072448	0,007111	0,074629	-0,073739	-0,010437	0,07817	-0,054381	-0,022572	0,058765	-0,02467	-0,020882	0,021843	0,0031537	-0,0030332	-0,021432	0,019188	0,02625	-0,057845	0,019244	0,056702	-0,076507	0,0061843	0,076005	-0,072439	-0,01123	0,074083	-0,04819	-0,021567	0,046759	-0,012937	-0,014927	-0,002479	0,020609	0,013302	-0,063207	0,040461	0,060437	-0,12107	0,039351	0,11692	-0,16209	0,017138	0,16906
-0,10306	0,18682	-0,070056	-0,098661	0,13861	-0,036067	-0,072702	0,080135	-0,014829	-0,030486	0,024376	-0,010108	0,017605	-0,017625	-0,019464	0,059245	-0,039845	-0,035313	0,083942	-0,042707	-0,047734	0,086243	-0,032358	-0,048077	0,067302	-0,018107	-0,032137	0,034323	-0,0088818	-0,0018145	-0,001959	-0,009945	0,0353	-0,030879	-0,020972	0,068326	-0,045345	-0,03616	0,086651	-0,044054	-0,046324	0,083497	-0,031713	-0,04227	0,058265	-0,017189	-0,018291	0,016901	-0,010242	0,025411	-0,029863	-0,017954	0,082219	-0,069817	-0,042066	0,14072	-0,093035	-0,078118	0,18791	-0,094876
0,021066	-0,014988	-0,0079445	0,036195	-0,048686	0,029078	0,019256	-0,069612	0,085698	-0,046432	-0,034584	0,11082	-0,12895	0,065202	0,052647	-0,15549	0,17345	-0,082951	-0,07136	0,19789	-0,21316	0,097103	0,088185	-0,23193	0,24219	-0,10547	-0,10062	0,25239	-0,256	0,10671	0,10671	-0,256	0,25239	-0,10062	-0,10547	0,24219	-0,23193	0,088185	0,097103	-0,21316	0,19789	-0,07136	-0,082951	0,17345	-0,15549	0,052647	0,065202	-0,12895	0,11082	-0,034584	-0,046432	0,085698	-0,069612	0,019256	0,029078	-0,048686	0,036195	-0,0079445	-0,014988	0,021066
0,012171	-0,027861	0,030651	-0,011357	-0,025115	0,05813	-0,061974	0,02404	0,041617	-0,097059	0,10166	-0,040363	-0,06007	0,14098	-0,14582	0,058772	0,078192	-0,18456	0,18901	-0,077015	-0,093437	0,22177	-0,22518	0,092546	0,10349	-0,24702	0,24885	-0,10302	-0,10677	0,25635	-0,25632	0,10679	0,10275	-0,24827	0,24638	-0,10325	-0,092061	0,22407	-0,22063	0,092977	0,0764	-0,18758	0,18311	-0,077593	-0,058124	0,14428	-0,13944	0,059427	0,039773	-0,10023	0,095658	-0,041024	-0,023576	0,060832	-0,057025	0,024642	0,011053	-0,029881	0,027132	-0,011854
0,05056	-0,10771	0,10876	-0,037004	-0,076077	0,16295	-0,16103	0,057181	0,095792	-0,20627	0,20063	-0,073379	-0,10419	0,22571	-0,21638	0,08121	0,097654	-0,21324	0,20116	-0,077646	-0,075561	0,16721	-0,15407	0,061917	0,040658	-0,093164	0,081112	-0,035872	0,0014197	0,0029312	0,0059113	0,003672	-0,043384	0,087941	-0,091961	0,029111	0,077966	-0,16376	0,16222	-0,056774	-0,099582	0,21226	-0,20549	0,074797	0,10556	-0,22733	0,2166	-0,08084	-0,096615	0,21006	-0,19731	0,075168	0,076425	-0,16804	0,15538	-0,060422	-0,050558	0,11303	-0,1023	0,040801
0,088453	-0,045973	-0,043522	0,12684	-0,14248	0,064975	0,069731	-0,17979	0,18846	-0,077971	-0,091758	0,21656	-0,21439	0,081025	0,1038	-0,22612	0,2113	-0,072011	-0,10157	0,20234	-0,17577	0,051308	0,083576	-0,14596	0,11127	-0,021872	-0,051671	0,064838	-0,027705	-0,011353	0,010824	0,027547	-0,060655	0,04255	0,031948	-0,11513	0,13845	-0,06637	-0,069182	0,18296	-0,19274	0,079155	0,094693	-0,22059	0,21592	-0,07971	-0,10495	0,22429	-0,20721	0,069438	0,099773	-0,19755	0,17238	-0,051825	-0,082143	0,14969	-0,12191	0,031435	0,057272	-0,093231
0,089724	-0,20262	0,20168	-0,079884	-0,092959	0,21274	-0,20772	0,084328	0,078681	-0,18322	0,17481	-0,072951	-0,049332	0,11879	-0,10869	0,047544	0,011623	-0,03402	0,024501	-0,013853	0,025142	-0,05029	0,057004	-0,019845	-0,051572	0,11269	-0,11503	0,044962	0,060796	-0,137	0,13452	-0,054978	-0,050396	0,11688	-0,11038	0,047271	0,023092	-0,057572	0,04891	-0,023864	0,014025	-0,02552	0,033949	-0,0091517	-0,05149	0,11121	-0,11712	0,043333	0,080086	-0,17836	0,1802	-0,07023	-0,093318	0,21162	-0,20895	0,083662	0,08903	-0,20523	0,19877	-0,081279
0,19083	-0,083471	-0,085403	0,21057	-0,21019	0,081944	0,093801	-0,20708	0,1912	-0,064814	-0,084927	0,16447	-0,13582	0,035467	0,059758	-0,091082	0,056089	-0,00081862	-0,023803	0,0041624	0,028708	-0,030475	-0,014212	0,074632	-0,097149	0,05037	0,044652	-0,12509	0,13156	-0,05368	-0,059635	0,13407	-0,12295	0,039537	0,055236	-0,099228	0,073583	-0,011644	-0,032602	0,029641	0,0037081	-0,022781	-0,0023731	0,056719	-0,089097	0,055022	0,040712	-0,13804	0,1613	-0,077268	-0,072854	0,19464	-0,20337	0,084682	0,091254	-0,21422	0,20701	-0,076542	-0,092324	0,1947
-0,18022	0,06182	0,077768	-0,15156	0,12532	-0,03347	-0,053626	0,082993	-0,052531	0,0027692	0,021805	-0,0086321	-0,017651	0,021715	0,008719	-0,050836	0,065996	-0,033535	-0,029562	0,079821	-0,080543	0,030384	0,035555	-0,072717	0,060342	-0,014812	-0,026365	0,035625	-0,015702	-0,0066125	0,0065728	0,01565	-0,035164	0,025429	0,015811	-0,060718	0,072028	-0,034017	-0,031941	0,081197	-0,079192	0,028065	0,034994	-0,066658	0,050566	-0,0079679	-0,022378	0,018019	0,0083271	-0,021273	-0,0034138	0,052691	-0,082053	0,051619	0,035581	-0,1261	0,1501	-0,074506	-0,065142	0,18154
0,070988	-0,17006	0,16356	-0,069784	-0,043432	0,10835	-0,10012	0,044322	0,010995	-0,033534	0,025756	-0,013398	0,017199	-0,033364	0,038673	-0,01427	-0,033541	0,074239	-0,075854	0,031162	0,034315	-0,079571	0,077444	-0,033307	-0,020866	0,051404	-0,04667	0,021531	-0,0008566	-0,0026335	-0,0027585	-0,0011682	0,022228	-0,047178	0,051098	-0,01967	-0,034735	0,07813	-0,078956	0,032719	0,032732	-0,076426	0,073566	-0,032233	-0,015273	0,038843	-0,032935	0,01685	-0,013564	0,026177	-0,033469	0,0099551	0,045951	-0,10116	0,10767	-0,040951	-0,072765	0,16508	-0,16882	0,067423
0,021741	-0,025231	0,020385	-0,0055144	-0,017867	0,044696	-0,067193	0,076832	-0,066994	0,035541	0,013548	-0,070184	0,12007	-0,14823	0,14324	-0,1011	0,027356	0,063134	-0,14924	0,20863	-0,22366	0,18656	-0,10227	-0,011873	0,12994	-0,22359	0,26926	-0,2544	0,18101	-0,065449	-0,065449	0,18101	-0,2544	0,26926	-0,22359	0,12994	-0,011873	-0,10227	0,18656	-0,22366	0,20863	-0,14924	0,063134	0,027356	-0,1011	0,14324	-0,14823	0,12007	-0,070184	0,013548	0,035541	-0,066994	0,076832	-0,067193	0,044696	-0,017867	-0,0055144	0,020385	-0,025231	0,021741
0,011314	-0,024223	0,036402	-0,043153	0,039906	-0,023868	-0,0044972	0,040708	-0,076644	0,10218	-0,10778	0,087458	-0,041199	-0,023928	0,094556	-0,15371	0,18488	-0,17658	0,12596	-0,040566	-0,062564	0,1604	-0,2293	0,25099	-0,21751	0,13378	-0,017004	-0,10707	0,21023	-0,26862	0,26862	-0,21023	0,10707	0,016999	-0,13377	0,2175	-0,25097	0,22928	-0,16038	0,062559	0,040558	-0,12594	0,17655	-0,18485	0,15368	-0,094539	0,023926	0,041188	-0,087434	0,10775	-0,10215	0,076622	-0,040696	0,0044973	0,023857	-0,039889	0,043134	-0,036385	0,024212	-0,011309
0,039406	-0,085458	0,12288	-0,13841	0,12254	-0,073119	-0,0027489	0,089462	-0,16637	0,21307	-0,21522	0,16893	-0,082624	-0,024694	0,1281	-0,20329	0,2331	-0,21204	0,14753	-0,057527	-0,034801	0,10769	-0,14671	0,14814	-0,11909	0,074151	-0,030032	-0,00010008	0,010739	-0,0052544	-0,0060988	0,010617	0,0015505	-0,033107	0,077859	-0,12218	0,14931	-0,14507	0,10312	-0,028063	-0,064932	0,15376	-0,21542	0,23263	-0,19892	0,1208	-0,016189	-0,090341	0,17411	-0,21678	0,21091	-0,16128	0,08288	0,0036677	-0,077941	0,12492	-0,13821	0,12063	-0,082112	0,036006
0,094662	-0,092364	0,06099	-0,0033875	-0,068556	0,13634	-0,17977	0,18302	-0,13997	0,057096	0,047325	-0,14759	0,21751	-0,23791	0,20231	-0,11919	0,0097834	0,097796	-0,17656	0,20825	-0,18831	0,12666	-0,044094	-0,034473	0,087802	-0,10463	0,086553	-0,046572	0,0039752	0,022747	-0,022514	-0,00444	0,046657	-0,085533	0,10199	-0,083522	0,029145	0,049349	-0,13047	0,18946	-0,20606	0,17114	-0,090119	-0,018126	0,12636	-0,20669	0,23852	-0,21429	0,14135	-0,039551	-0,064646	0,14572	-0,18593	0,17956	-0,13347	0,064029	0,0083439	-0,065263	0,095211	-0,095833
0,060672	-0,14713	0,20726	-0,22447	0,19282	-0,11904	0,020904	0,077704	-0,15356	0,19054	-0,18379	0,14041	-0,076436	0,011355	0,038147	-0,06302	0,063822	-0,049295	0,032207	-0,024061	0,030575	-0,049567	0,071923	-0,08527	0,07895	-0,048473	-0,0022058	0,06145	-0,11351	0,14368	-0,14319	0,11219	-0,059677	0,00047291	0,049727	-0,079481	0,085098	-0,071303	0,048878	-0,030168	0,024116	-0,032661	0,04986	-0,064097	0,062651	-0,03698	-0,013182	0,078508	-0,14214	0,18461	-0,19006	0,15177	-0,07493	-0,024024	0,12175	-0,19446	0,22466	-0,20599	0,14477	-0,057865
0,20167	-0,16836	0,090062	0,014783	-0,11931	0,19598	-0,22478	0,1992	-0,12808	0,032708	0,059956	-0,12558	0,14971	-0,13166	0,083676	-0,026025	-0,020366	0,041109	-0,032928	0,004114	0,029178	-0,04937	0,04428	-0,011867	-0,038801	0,09068	-0,12485	0,12737	-0,094483	0,034203	0,036208	-0,096046	0,12818	-0,12481	0,089931	-0,037645	-0,013071	0,045243	-0,049966	0,029468	0,0039274	-0,032606	0,040494	-0,019473	-0,026987	0,084357	-0,13169	0,14883	-0,12375	0,057449	0,035397	-0,13034	0,20045	-0,22466	0,19447	-0,11672	0,011674	0,093005	-0,17052	0,20265
0,19011	-0,13326	0,051679	0,030234	-0,090378	0,11555	-0,1048	0,06852	-0,023897	-0,011635	0,026491	-0,018515	-0,005065	0,031113	-0,046044	0,041175	-0,016014	-0,021671	0,058918	-0,082533	0,084046	-0,062811	0,02612	0,013629	-0,043608	0,055269	-0,047322	0,02589	-0,0018299	-0,013706	0,01374	0,001755	-0,025842	0,04738	-0,055488	0,043989	-0,014113	-0,025641	0,062456	-0,083909	0,082646	-0,059245	0,022116	0,015569	-0,040829	0,045844	-0,031041	0,0050483	0,018563	-0,026632	0,011868	0,023646	-0,068376	0,1049	-0,11598	0,091139	-0,031212	-0,050691	0,1325	-0,18981
0,034146	-0,10946	0,15273	-0,158	0,13012	-0,08219	0,030675	0,01007	-0,03204	0,035255	-0,026506	0,015848	-0,012245	0,020011	-0,037296	0,057077	-0,070156	0,068944	-0,050587	0,018244	0,019926	-0,05363	0,074071	-0,076961	0,063809	-0,041054	0,017416	-0,00051865	-0,0059093	0,0032042	0,0031184	-0,0059202	-0,00035772	0,017121	-0,040709	0,063536	-0,076874	0,074232	-0,05402	0,020449	0,017729	-0,050219	0,068807	-0,070254	0,057333	-0,037582	0,020204	-0,012276	0,015732	-0,02634	0,035182	-0,032188	0,010496	0,030022	-0,081469	0,12955	-0,15781	0,15305	-0,11029	0,035329
0,0035565	-0,0066338	0,01089	-0,016496	0,02359	-0,032266	0,042559	-0,054438	0,067789	-0,082417	0,098041	-0,11429	0,13073	-0,14685	0,16208	-0,17585	0,18757	-0,19665	0,20259	-0,20491	0,20327	-0,19741	0,18724	-0,17279	0,15423	-0,13191	0,10628	-0,077943	0,047593	-0,016004	-0,016004	0,047593	-0,077943	0,10628	-0,13191	0,15423	-0,17279	0,18724	-0,19741	0,20327	-0,20491	0,20259	-0,19665	0,18757	-0,17585	0,16208	-0,14685	0,13073	-0,11429	0,098041	-0,082417	0,067789	-0,054438	0,042559	-0,032266	0,02359	-0,016496	0,01089	-0,0066338	0,0035565
0,013433	-0,022873	0,034762	-0,049043	0,065501	-0,083757	0,10327	-0,12335	0,14317	-0,16184	0,17838	-0,19185	0,20136	-0,20612	0,20552	-0,19915	0,18687	-0,1688	0,14535	-0,11722	0,085348	-0,050916	0,015262	0,020164	-0,053877	0,08443	-0,11049	0,1309	-0,14476	0,15145	-0,15068	0,14249	-0,12727	0,10572	-0,07881	0,047757	-0,01392	-0,021243	0,056262	-0,089721	0,12033	-0,147	0,16884	-0,18526	0,19592	-0,20078	0,20006	-0,19423	0,18393	-0,16997	0,15325	-0,13472	0,11529	-0,095842	0,077136	-0,059809	0,044343	-0,031063	0,02013	-0,01156
0,00087371	-0,0010559	0,0010571	-0,00076534	5,0166e-005	0,0012331	-0,0032385	0,0061222	-0,010036	0,015116	-0,02148	0,029212	-0,038357	0,048917	-0,060841	0,074027	-0,088316	0,1035	-0,11932	0,13547	-0,15163	0,16743	-0,18251	0,19652	-0,20911	0,21997	-0,22882	0,23545	-0,23969	0,24146	-0,24072	0,23753	-0,232	0,2243	-0,21464	0,20331	-0,19061	0,17685	-0,16236	0,14748	-0,13251	0,11776	-0,10346	0,089846	-0,077092	0,065333	-0,05466	0,04512	-0,036725	0,029453	-0,023252	0,01805	-0,013759	0,010279	-0,0075092	0,0053453	-0,0036893	0,0024498	-0,0015445	0,00090169
0,044219	-0,064648	0,087057	-0,11044	0,1336	-0,15521	0,1739	-0,18836	0,1974	-0,20007	0,19571	-0,18406	0,16524	-0,13983	0,10882	-0,073563	0,035748	0,0027366	-0,039889	0,07372	-0,10238	0,12427	-0,13816	0,14327	-0,13932	0,12656	-0,10579	0,078259	-0,045659	0,0099807	0,026593	-0,061817	0,093529	-0,11977	0,13892	-0,14979	0,15165	-0,14436	0,12826	-0,10422	0,073564	-0,037936	-0,00075379	0,04048	-0,079221	0,11508	-0,14639	0,17181	-0,19039	0,20161	-0,20537	0,202	-0,19221	0,17699	-0,15757	0,13529	-0,11156	0,087714	-0,064943	0,04426
0,11753	-0,14571	0,17068	-0,19061	0,20386	-0,20917	0,20575	-0,19334	0,17229	-0,14352	0,10852	-0,06924	0,027965	0,012831	-0,050657	0,083184	-0,10841	0,12482	-0,13149	0,12816	-0,11526	0,093904	-0,065798	0,033117	0,0016391	-0,035835	0,066887	-0,092456	0,11062	-0,12001	0,11992	-0,11036	0,09205	-0,066356	0,035213	-0,00096725	-0,033796	0,066439	-0,094467	0,1157	-0,12846	0,13162	-0,12478	0,10819	-0,082789	0,050109	-0,012156	-0,028736	0,070071	-0,10938	0,14436	-0,17309	0,19408	-0,20639	0,20971	-0,20428	0,19092	-0,17089	0,14582	-0,11756
0,20074	-0,21024	0,20984	-0,1993	0,1791	-0,15044	0,11513	-0,075503	0,034199	0,0060043	-0,042417	0,072642	-0,09476	0,10748	-0,11025	0,10327	-0,087513	0,064609	-0,036726	0,0063923	0,023718	-0,051001	0,073134	-0,08827	0,095184	-0,093369	0,08308	-0,0653	0,041659	-0,014288	-0,014361	0,041726	-0,065357	0,083123	-0,093394	0,095189	-0,088255	0,073099	-0,050947	0,02365	0,0064709	-0,03681	0,064691	-0,087589	0,10333	-0,11029	0,1075	-0,094757	0,072611	-0,042358	0,0059176	0,034312	-0,075637	0,11528	-0,1506	0,17927	-0,19947	0,21001	-0,2104	0,20089
0,18523	-0,16088	0,12986	-0,09445	0,057216	-0,020792	-0,012316	0,039938	-0,060407	0,072681	-0,076417	0,071983	-0,060405	0,043265	-0,02255	0,00046723	0,020754	-0,039059	0,052746	-0,060613	0,062049	-0,057078	0,046346	-0,031042	0,012776	0,0065729	-0,025049	0,0408	-0,052259	0,058289	-0,058295	0,052275	-0,040825	0,02508	-0,006608	-0,012741	0,031009	-0,04632	0,057061	-0,062042	0,060618	-0,052763	0,039085	-0,020788	-0,0004287	0,022511	-0,043228	0,060374	-0,071962	0,076408	-0,072686	0,060426	-0,039971	0,01236	0,020739	-0,057157	0,09439	-0,1298	0,16083	-0,18519
-0,092093	0,061465	-0,032482	0,0069742	0,01362	-0,028357	0,036834	-0,039198	0,0361	-0,028608	0,018087	-0,0060598	-0,0059449	0,016534	-0,024573	0,029284	-0,030297	0,027668	-0,02185	0,013627	-0,0040186	-0,0058376	0,014811	-0,021898	0,026326	-0,027634	0,025715	-0,02082	0,013532	-0,0046936	-0,0046814	0,013521	-0,020812	0,02571	-0,027633	0,026328	-0,021904	0,01482	-0,0058495	-0,0040056	0,013614	-0,021838	0,027659	-0,030292	0,029283	-0,024577	0,016542	-0,0059573	-0,0060445	0,01807	-0,028591	0,036085	-0,039187	0,036829	-0,028359	0,013632	0,0069537	-0,032452	0,061426	-0,092046